deadband= 2:12
TON= [1.3966    2.0949    2.7933    3.4916    4.1899    4.8882    5.5865    6.2848    6.9832    7.6815    8.3798]
TOFF= [4.4181    6.6271    8.8362   11.0453   13.2545   15.4637   17.6729   19.8822   22.0916   24.3010   26.5105]
T= [5.8147    8.7221   11.6295   14.5369   17.4444   20.3519   23.2594   26.1670   29.0747   31.9825   34.8904]